0.300000 -147.263299
0.301672 -147.292797
0.303344 -147.322170
0.305017 -147.351419
0.306689 -147.380544
0.308361 -147.409544
0.310033 -147.438419
0.311706 -147.467170
0.313378 -147.495796
0.315050 -147.524298
0.316722 -147.552675
0.318395 -147.580928
0.320067 -147.609056
0.321739 -147.637060
0.323411 -147.664939
0.325084 -147.692693
0.326756 -147.720323
0.328428 -147.747829
0.330100 -147.775210
0.331773 -147.802467
0.333445 -147.829599
0.335117 -147.856606
0.336789 -147.883489
0.338462 -147.910248
0.340134 -147.936882
0.341806 -147.963391
0.343478 -147.989776
0.345151 -148.016036
0.346823 -148.042172
0.348495 -148.068184
0.350167 -148.094071
0.351839 -148.119833
0.353512 -148.145471
0.355184 -148.170984
0.356856 -148.196373
0.358528 -148.221637
0.360201 -148.246777
0.361873 -148.271792
0.363545 -148.296683
0.365217 -148.321449
0.366890 -148.346090
0.368562 -148.370607
0.370234 -148.395000
0.371906 -148.419268
0.373579 -148.443412
0.375251 -148.467431
0.376923 -148.491325
0.378595 -148.515095
0.380268 -148.538741
0.381940 -148.562262
0.383612 -148.585658
0.385284 -148.608930
0.386957 -148.632077
0.388629 -148.655100
0.390301 -148.677999
0.391973 -148.700772
0.393645 -148.723422
0.395318 -148.745947
0.396990 -148.768347
0.398662 -148.790623
0.400334 -148.812774
0.402007 -148.834801
0.403679 -148.856703
0.405351 -148.878480
0.407023 -148.900134
0.408696 -148.921662
0.410368 -148.943066
0.412040 -148.964346
0.413712 -148.985501
0.415385 -149.006531
0.417057 -149.027438
0.418729 -149.048219
0.420401 -149.068876
0.422074 -149.089408
0.423746 -149.109816
0.425418 -149.130100
0.427090 -149.150259
0.428763 -149.170293
0.430435 -149.190203
0.432107 -149.209988
0.433779 -149.229649
0.435452 -149.249186
0.437124 -149.268597
0.438796 -149.287885
0.440468 -149.307047
0.442140 -149.326086
0.443813 -149.344999
0.445485 -149.363788
0.447157 -149.382453
0.448829 -149.400993
0.450502 -149.419409
0.452174 -149.437700
0.453846 -149.455867
0.455518 -149.473909
0.457191 -149.491826
0.458863 -149.509619
0.460535 -149.527288
0.462207 -149.544832
0.463880 -149.562251
0.465552 -149.579546
0.467224 -149.596717
0.468896 -149.613762
0.470569 -149.630684
0.472241 -149.647481
0.473913 -149.664153
0.475585 -149.680701
0.477258 -149.697124
0.478930 -149.713423
0.480602 -149.729597
0.482274 -149.745647
0.483946 -149.761572
0.485619 -149.777373
0.487291 -149.793049
0.488963 -149.808601
0.490635 -149.824028
0.492308 -149.839330
0.493980 -149.854509
0.495652 -149.869562
0.497324 -149.884491
0.498997 -149.899296
0.500669 -149.913976
0.502341 -149.928531
0.504013 -149.942962
0.505686 -149.957269
0.507358 -149.971451
0.509030 -149.985508
0.510702 -149.999441
0.512375 -150.013249
0.514047 -150.026933
0.515719 -150.040493
0.517391 -150.053927
0.519064 -150.067238
0.520736 -150.080423
0.522408 -150.093485
0.524080 -150.106421
0.525753 -150.119234
0.527425 -150.131921
0.529097 -150.144485
0.530769 -150.156923
0.532441 -150.169237
0.534114 -150.181427
0.535786 -150.193492
0.537458 -150.205433
0.539130 -150.217249
0.540803 -150.228940
0.542475 -150.240507
0.544147 -150.251950
0.545819 -150.263268
0.547492 -150.274461
0.549164 -150.285530
0.550836 -150.296474
0.552508 -150.307294
0.554181 -150.317990
0.555853 -150.328561
0.557525 -150.339007
0.559197 -150.349329
0.560870 -150.359526
0.562542 -150.369599
0.564214 -150.379547
0.565886 -150.389371
0.567559 -150.399070
0.569231 -150.408645
0.570903 -150.418095
0.572575 -150.427421
0.574247 -150.436622
0.575920 -150.445698
0.577592 -150.454650
0.579264 -150.463478
0.580936 -150.472181
0.582609 -150.480760
0.584281 -150.489214
0.585953 -150.497543
0.587625 -150.505748
0.589298 -150.513828
0.590970 -150.521784
0.592642 -150.529616
0.594314 -150.537323
0.595987 -150.544905
0.597659 -150.552363
0.599331 -150.559696
0.601003 -150.566905
0.602676 -150.573989
0.604348 -150.580949
0.606020 -150.587784
0.607692 -150.594495
0.609365 -150.601081
0.611037 -150.607543
0.612709 -150.613880
0.614381 -150.620093
0.616054 -150.626181
0.617726 -150.632145
0.619398 -150.637984
0.621070 -150.643698
0.622742 -150.649288
0.624415 -150.654754
0.626087 -150.660095
0.627759 -150.665311
0.629431 -150.670403
0.631104 -150.675371
0.632776 -150.680214
0.634448 -150.684932
0.636120 -150.689526
0.637793 -150.693995
0.639465 -150.698340
0.641137 -150.702560
0.642809 -150.706656
0.644482 -150.710627
0.646154 -150.714474
0.647826 -150.718196
0.649498 -150.721794
0.651171 -150.725267
0.652843 -150.728616
0.654515 -150.731840
0.656187 -150.734940
0.657860 -150.737915
0.659532 -150.740766
0.661204 -150.743492
0.662876 -150.746093
0.664548 -150.748570
0.666221 -150.750923
0.667893 -150.753151
0.669565 -150.755254
0.671237 -150.757233
0.672910 -150.759088
0.674582 -150.760818
0.676254 -150.762423
0.677926 -150.763904
0.679599 -150.765260
0.681271 -150.766492
0.682943 -150.767599
0.684615 -150.768582
0.686288 -150.769441
0.687960 -150.770174
0.689632 -150.770784
0.691304 -150.771268
0.692977 -150.771628
0.694649 -150.771864
0.696321 -150.771975
0.697993 -150.771962
0.699666 -150.771824
0.701338 -150.771562
0.703010 -150.771175
0.704682 -150.770663
0.706355 -150.770027
0.708027 -150.769267
0.709699 -150.768382
0.711371 -150.767372
0.713043 -150.766238
0.714716 -150.764980
0.716388 -150.763597
0.718060 -150.762089
0.719732 -150.760457
0.721405 -150.758700
0.723077 -150.756819
0.724749 -150.754813
0.726421 -150.752683
0.728094 -150.750428
0.729766 -150.748049
0.731438 -150.745545
0.733110 -150.742917
0.734783 -150.740164
0.736455 -150.737287
0.738127 -150.734285
0.739799 -150.731159
0.741472 -150.727908
0.743144 -150.724532
0.744816 -150.721033
0.746488 -150.717408
0.748161 -150.713659
0.749833 -150.709786
0.751505 -150.705788
0.753177 -150.701665
0.754849 -150.697418
0.756522 -150.693047
0.758194 -150.688550
0.759866 -150.683930
0.761538 -150.679185
0.763211 -150.674315
0.764883 -150.669321
0.766555 -150.664202
0.768227 -150.658959
0.769900 -150.653591
0.771572 -150.648099
0.773244 -150.642482
0.774916 -150.636741
0.776589 -150.630875
0.778261 -150.624885
0.779933 -150.618770
0.781605 -150.612531
0.783278 -150.606167
0.784950 -150.599678
0.786622 -150.593065
0.788294 -150.586328
0.789967 -150.579466
0.791639 -150.572479
0.793311 -150.565368
0.794983 -150.558133
0.796656 -150.550773
0.798328 -150.543288
0.800000 -150.535679
